    -17.283957224378,     -0.088892224524
    -17.184380920251,     -0.094773565218
    -17.084737158812,     -0.099849343831
    -16.985042547892,     -0.104364916045
    -16.885308350611,     -0.108454946029
    -16.785542496689,     -0.112206131337
    -16.685750797305,     -0.115679174821
    -16.585937645793,     -0.118918891623
    -16.486106445583,     -0.121959617422
    -16.386259885678,     -0.124828398821
    -16.286400125634,     -0.127547008833
    -16.186528924023,     -0.130133286691
    -16.086647730151,     -0.132602064424
    -15.986757751042,     -0.134965828261
    -15.886860001323,     -0.137235203210
    -15.786955341018,     -0.139419315919
    -15.687044504580,     -0.141526071503
    -15.587128123505,     -0.143562368164
    -15.487206744144,     -0.145534265941
    -15.387280841879,     -0.147447121070
    -15.287350832513,     -0.149305694140
    -15.187417081507,     -0.151114238038
    -15.087479911526,     -0.152876570101
    -14.987539608640,     -0.154596131796
    -14.887596427480,     -0.156276038461
    -14.787650595521,     -0.157919121040
    -14.687702316686,     -0.159527961357
    -14.587751774377,     -0.161104922084
    -14.487799134051,     -0.162652172371
    -14.387844545411,     -0.164171709879
    -14.287888144277,     -0.165665379805
    -14.187930054197,     -0.167134891383
    -14.087970387835,     -0.168581832256
    -13.988009248170,     -0.170007681027
    -13.888046729541,     -0.171413818280
    -13.788082918557,     -0.172801536275
    -13.688117894888,     -0.174172047515
    -13.588151731971,     -0.175526492345
    -13.488184497618,     -0.176865945714
    -13.388216254562,     -0.178191423212
    -13.288247060937,     -0.179503886467
    -13.188276970704,     -0.180804248001
    -13.088306034029,     -0.182093375597
    -12.988334297626,     -0.183372096237
    -12.888361805051,     -0.184641199671
    -12.788388596983,     -0.185901441651
    -12.688414711456,     -0.187153546877
    -12.588440184087,     -0.188398211672
    -12.488465048266,     -0.189636106434
    -12.388489335339,     -0.190867877876
    -12.288513074764,     -0.192094151081
    -12.188536294261,     -0.193315531387
    -12.088559019941,     -0.194532606128
    -11.988581276428,     -0.195745946236
    -11.888603086967,     -0.196956107724
    -11.788624473524,     -0.198163633068
    -11.688645456877,     -0.199369052492
    -11.588666056699,     -0.200572885175
    -11.488686291630,     -0.201775640401
    -11.388706179352,     -0.202977818646
    -11.288725736643,     -0.204179912633
    -11.188744979440,     -0.205382408354
    -11.088763922883,     -0.206585786073
    -10.988782581364,     -0.207790521305
    -10.888800968564,     -0.208997085779
    -10.788819097488,     -0.210205948366
    -10.688836980491,     -0.211417575978
    -10.588854629308,     -0.212632434412
    -10.488872055071,     -0.213850989138
    -10.388889268331,     -0.215073706010
    -10.288906279068,     -0.216301051916
    -10.188923096713,     -0.217533495356
    -10.088939730153,     -0.218771506972
     -9.988956187747,     -0.220015560039
     -9.888972477337,     -0.221266130946
     -9.788988606255,     -0.222523699683
     -9.689004581331,     -0.223788750342
     -9.589020408900,     -0.225061771659
     -9.489036094806,     -0.226343257590
     -9.389051644396,     -0.227633707919
     -9.289067062521,     -0.228933628904
     -9.189082353528,     -0.230243533955
     -9.089097521240,     -0.231563944337
     -8.989112568946,     -0.232895389895
     -8.889127499372,     -0.234238409810
     -8.789142314657,     -0.235593553374
     -8.689157016312,     -0.236961380801
     -8.589171605184,     -0.238342464045
     -8.489186081402,     -0.239737387656
     -8.389200444328,     -0.241146749636
     -8.289214692484,     -0.242571162311
     -8.189228823485,     -0.244011253188
     -8.089242833957,     -0.245467665796
     -7.989256719443,     -0.246941060480
     -7.889270474303,     -0.248432115127
     -7.789284091607,     -0.249941525804
     -7.689297563019,     -0.251470007307
     -7.589310878676,     -0.253018293638
     -7.489324027060,     -0.254587138538
     -7.389336994863,     -0.256177316217
     -7.289349766827,     -0.257789622527
     -7.189362325543,     -0.259424876724
     -7.089374651203,     -0.261083923798
     -6.989386721291,     -0.262767637057
     -6.889398510227,     -0.264476920488
     -6.789409988990,     -0.266212710492
     -6.689421124727,     -0.267975976843
     -6.589431880343,     -0.269767723090
     -6.489442214058,     -0.271588986717
     -6.389452078919,     -0.273440839358
     -6.289461422244,     -0.275324387204
     -6.189470185009,     -0.277240771604
     -6.089478301158,     -0.279191169854
     -5.989485696834,     -0.281176796177
     -5.889492289519,     -0.283198902978
     -5.789497987056,     -0.285258782514
     -5.689502686509,     -0.287357769095
     -5.589506272855,     -0.289497241884
     -5.489508617439,     -0.291678628207
     -5.389509576190,     -0.293903407178
     -5.289508987570,     -0.296173113311
     -5.189506670237,     -0.298489339816
     -5.089502420412,     -0.300853741371
     -4.989496008898,     -0.303268036283
     -4.889487177715,     -0.305734008112
     -4.789475636268,     -0.308253506914
     -4.689461056963,     -0.310828450234
     -4.589443070170,     -0.313460823998
     -4.489421258416,     -0.316152683308
     -4.389395149672,     -0.318906153129
     -4.289364209590,     -0.321723428760
     -4.189327832503,     -0.324606775936
     -4.089285330983,     -0.327558530415
     -3.989235923704,     -0.330581096837
     -3.889178721311,     -0.333676946691
     -3.789112709927,     -0.336848615197
     -3.689036731847,     -0.340098696923
     -3.588949462882,     -0.343429839957
     -3.488849385659,     -0.346844738397
     -3.388734758053,     -0.350346122903
     -3.288603575718,     -0.353936748848
     -3.188453527457,     -0.357619381498
     -3.088281941881,     -0.361396777302
     -2.988085723469,     -0.365271660108
     -2.887861275683,     -0.369246690717
     -2.787604408233,     -0.373324427796
     -2.687310224837,     -0.377507277684
     -2.586972986868,     -0.381797430088
     -2.486585947017,     -0.386196775908
     -2.386141145471,     -0.390706802417
     -2.285629159008,     -0.395328459629
     -2.185038790663,     -0.400061989729
     -2.084356684051,     -0.404906708745
     -1.983566841776,     -0.409860726019
     -1.882650021292,     -0.414920582106
     -1.781582973548,     -0.420080779081
     -1.680337479150,     -0.425333168465
     -1.578879122487,     -0.430666150236
     -1.477165724588,     -0.436063620911
     -1.375145327728,     -0.441503587959
     -1.272753584746,     -0.446956339323
     -1.169910347581,     -0.452382015911
     -1.066515164291,     -0.457727372484
     -0.962441269719,     -0.462921413324
     -0.857527472265,     -0.467869428294
     -0.751567059052,     -0.472444693257
     -0.644292383674,     -0.476476668179
     -0.535352998465,     -0.479733791309
     -0.424283700955,     -0.481897630751
     -0.310455929396,     -0.482522522156
     -0.192999825284,     -0.480969174727
     -0.070670731105,     -0.476287387675
      0.058397840535,     -0.466987528903
      0.197188614903,     -0.450530582656
      0.350830871185,     -0.421955600727
      0.528350137763,     -0.369151583149
      0.738252272530,     -0.251354586983
      0.863018618539,      0.033245664660
      0.717420571591,      0.290444396347
      0.487592016906,      0.006858219248
      0.644270763476,      0.047388253903
      0.727202616207,      0.039878655573
      0.532432154147,      0.107859032290
