    -15.883957224378,     -0.088892224524
    -15.784380057926,     -0.094781481227
    -15.684735632675,     -0.099868257645
    -15.585040530756,     -0.104397038291
    -15.485305979555,     -0.108502054639
    -15.385539881485,     -0.112269743722
    -15.285748027316,     -0.115760636401
    -15.185934794937,     -0.119019428231
    -15.086103575892,     -0.122080369162
    -14.986257049905,     -0.124970443312
    -14.886397369191,     -0.127711377888
    -14.786526286457,     -0.130320978710
    -14.686645246276,     -0.132814053863
    -14.586755451823,     -0.135203073044
    -14.486857914585,     -0.137498650660
    -14.386953492004,     -0.139709907604
    -14.287042916411,     -0.141844747266
    -14.187126817551,     -0.143910069543
    -14.087205740331,     -0.145911939117
    -13.987280158942,     -0.147855719449
    -13.887350488206,     -0.149746180648
    -13.787417092779,     -0.151587587192
    -13.687480294665,     -0.153383769919
    -13.587540379401,     -0.155138185580
    -13.487597601183,     -0.156853966500
    -13.387652187138,     -0.158533962259
    -13.287704340909,     -0.160180774916
    -13.187754245680,     -0.161796788947
    -13.087802066734,     -0.163384196829
    -12.987847953634,     -0.164945021025
    -12.887892042098,     -0.166481132962
    -12.787934455593,     -0.167994269492
    -12.687975306726,     -0.169486047228
    -12.588014698438,     -0.170957975079
    -12.488052725050,     -0.172411465263
    -12.388089473168,     -0.173847843003
    -12.288125022478,     -0.175268355099
    -12.188159446447,     -0.176674177543
    -12.088192812934,     -0.178066422279
    -11.988225184735,     -0.179446143253
    -11.888256620061,     -0.180814341822
    -11.788287172965,     -0.182171971610
    -11.688316893721,     -0.183519942899
    -11.588345829161,     -0.184859126583
    -11.488374022978,     -0.186190357779
    -11.388401515995,     -0.187514439110
    -11.288428346404,     -0.188832143720
    -11.188454549984,     -0.190144218059
    -11.088480160297,     -0.191451384455
    -10.988505208854,     -0.192754343515
    -10.888529725279,     -0.194053776351
    -10.788553737439,     -0.195350346668
    -10.688577271573,     -0.196644702699
    -10.588600352401,     -0.197937478999
    -10.488623003224,     -0.199229298100
    -10.388645246011,     -0.200520772025
    -10.288667101482,     -0.201812503674
    -10.188688589180,     -0.203105088087
    -10.088709727536,     -0.204399113598
     -9.988730533935,     -0.205695162915
     -9.888751024767,     -0.206993814125
     -9.788771215482,     -0.208295641670
     -9.688791120634,     -0.209601217285
     -9.588810753928,     -0.210911110937
     -9.488830128251,     -0.212225891752
     -9.388849255706,     -0.213546128950
     -9.288868147642,     -0.214872392775
     -9.188886814666,     -0.216205255430
     -9.088905266665,     -0.217545292014
     -8.988923512811,     -0.218893081456
     -8.888941561565,     -0.220249207466
     -8.788959420671,     -0.221614259475
     -8.688977097147,     -0.222988833595
     -8.588994597269,     -0.224373533584
     -8.489011926547,     -0.225768971816
     -8.389029089690,     -0.227175770253
     -8.289046090574,     -0.228594561418
     -8.189062932190,     -0.230025989349
     -8.089079616592,     -0.231470710529
     -7.989096144831,     -0.232929394777
     -7.889112516887,     -0.234402726063
     -7.789128731591,     -0.235891403256
     -7.689144786532,     -0.237396140776
     -7.589160677976,     -0.238917669192
     -7.489176400765,     -0.240456735846
     -7.389191948209,     -0.242014105659
     -7.289207311973,     -0.243590562296
     -7.189222481914,     -0.245186909859
     -7.089237445896,     -0.246803975057
     -6.989252189544,     -0.248442609614
     -6.889266695965,     -0.250103692494
     -6.789280945446,     -0.251788131581
     -6.689294915133,     -0.253496864707
     -6.589308578697,     -0.255230860175
     -6.489321905969,     -0.256991117083
     -6.389334862545,     -0.258778665681
     -6.289347409331,     -0.260594567898
     -6.189359502048,     -0.262439918032
     -6.089371090665,     -0.264315843606
     -5.989382118781,     -0.266223506393
     -5.889392522916,     -0.268164103693
     -5.789402231711,     -0.270138869969
     -5.689411165003,     -0.272149078968
     -5.589419232745,     -0.274196046379
     -5.489426333747,     -0.276281132958
     -5.389432354209,     -0.278405747948
     -5.289437166030,     -0.280571352508
     -5.189440624885,     -0.282779462891
     -5.089442568043,     -0.285031653169
     -4.989442811901,     -0.287329557446
     -4.889441149189,     -0.289674871617
     -4.789437345792,     -0.292069354796
     -4.689431137108,     -0.294514830561
     -4.589422223868,     -0.297013188117
     -4.489410267312,     -0.299566383413
     -4.389394883614,     -0.302176440192
     -4.289375637428,     -0.304845450889
     -4.189352034406,     -0.307575577252
     -4.089323512510,     -0.310369050548
     -3.989289431912,     -0.313228171198
     -3.889249063215,     -0.316155307683
     -3.789201573712,     -0.319152894570
     -3.689146011280,     -0.322223429517
     -3.589081285478,     -0.325369469105
     -3.489006145249,     -0.328593623330
     -3.388919152552,     -0.331898548523
     -3.288818651043,     -0.335286938360
     -3.188702728745,     -0.338761512462
     -3.088569173417,     -0.342325001837
     -2.988415419004,     -0.345980130161
     -2.888238481212,     -0.349729589557
     -2.788034879731,     -0.353576009190
     -2.687800544023,     -0.357521914610
     -2.587530698762,     -0.361569675274
     -2.487219723951,     -0.365721437088
     -2.386860983322,     -0.369979035908
     -2.286446612851,     -0.374343886777
     -2.185967258838,     -0.378816841962
     -2.085411751905,     -0.383398008545
     -1.984766699281,     -0.388086513186
     -1.884015972358,     -0.392880197353
     -1.783140059593,     -0.397775220603
     -1.682115245401,     -0.402765541805
     -1.580912563139,     -0.407842238068
     -1.479496452810,     -0.412992607748
     -1.377823029410,     -0.418198986054
     -1.275837832255,     -0.423437177323
     -1.173472873613,     -0.428674372739
     -1.070642729398,     -0.433866368611
     -0.967239305271,     -0.438953815215
     -0.863124751676,     -0.443857089780
     -0.758121759348,     -0.448469169018
     -0.652000077735,     -0.452645526235
     -0.544457429458,     -0.456189497293
     -0.435091767534,     -0.458830536474
     -0.323359430545,     -0.460190834552
     -0.208508758311,     -0.459731730617
     -0.089467499064,     -0.456662107154
      0.035364968852,     -0.449766996378
      0.168540620647,     -0.437041004565
      0.314504782340,     -0.414726554791
      0.481609732297,     -0.373903114994
      0.681132183008,     -0.283932369152
      0.849160026721,     -0.064894612104
      0.792905140985,      0.238432124200
      0.468188242134,      0.100841347982
      0.621051711726,      0.034558275074
      0.689371932752,     -0.036311517467
      0.601443998369,      0.131979809019
