    -17.483957224378,     -0.088892224524
    -17.384381034180,     -0.094772531115
    -17.284737360542,     -0.099846878298
    -17.185042814890,     -0.104360734291
    -17.085308665044,     -0.108448819424
    -16.985542844297,     -0.112197865193
    -16.885751166491,     -0.115668596949
    -16.785938026977,     -0.118905845560
    -16.686106830734,     -0.121943958042
    -16.586260267973,     -0.124809989332
    -16.486400499206,     -0.127525718616
    -16.386529283769,     -0.130108989693
    -16.286648071587,     -0.132574637923
    -16.186758070183,     -0.134935151898
    -16.086860294600,     -0.137201158208
    -15.986955605202,     -0.139381784443
    -15.887044736724,     -0.141484936122
    -15.787128320901,     -0.143517511391
    -15.687206904283,     -0.145485569843
    -15.587280962418,     -0.147394466921
    -15.487350911252,     -0.149248962126
    -15.387417116366,     -0.151053307002
    -15.287479900521,     -0.152811317327
    -15.187539549874,     -0.154526432830
    -15.087596319122,     -0.156201766964
    -14.987650435794,     -0.157840148661
    -14.887702103850,     -0.159444157606
    -14.787751506721,     -0.161016154195
    -14.687798809880,     -0.162558305141
    -14.587844163035,     -0.164072605478
    -14.487887702005,     -0.165560897560
    -14.387929550334,     -0.167024887562
    -14.287969820674,     -0.168466159851
    -14.188008615997,     -0.169886189557
    -14.088046030630,     -0.171286353609
    -13.988082151171,     -0.172667940448
    -13.888117057283,     -0.174032158596
    -13.788150822392,     -0.175380144265
    -13.688183514303,     -0.176712968112
    -13.588215195740,     -0.178031641270
    -13.488245924828,     -0.179337120745
    -13.388275755519,     -0.180630314261
    -13.288304737971,     -0.181912084627
    -13.188332918886,     -0.183183253667
    -13.088360341813,     -0.184444605792
    -12.988387047418,     -0.185696891227
    -12.888413073727,     -0.186940828948
    -12.788438456342,     -0.188177109369
    -12.688463228644,     -0.189406396781
    -12.588487421965,     -0.190629331596
    -12.488511065750,     -0.191846532400
    -12.388534187705,     -0.193058597842
    -12.288556813925,     -0.194266108369
    -12.188578969018,     -0.195469627834
    -12.088600676212,     -0.196669704972
    -11.988621957456,     -0.197866874778
    -11.888642833509,     -0.199061659778
    -11.788663324024,     -0.200254571221
    -11.688683447625,     -0.201446110198
    -11.588703221973,     -0.202636768688
    -11.488722663831,     -0.203827030571
    -11.388741789123,     -0.205017372587
    -11.288760612983,     -0.206208265276
    -11.188779149802,     -0.207400173898
    -11.088797413273,     -0.208593559335
    -10.988815416422,     -0.209788878995
    -10.888833171647,     -0.210986587687
    -10.788850690740,     -0.212187138484
    -10.688867984912,     -0.213390983560
    -10.588885064813,     -0.214598574967
    -10.488901940550,     -0.215810365367
    -10.388918621694,     -0.217026808698
    -10.288935117301,     -0.218248360766
    -10.188951435912,     -0.219475479778
    -10.088967585570,     -0.220708626828
     -9.988983573823,     -0.221948266344
     -9.888999407734,     -0.223194866535
     -9.789015093885,     -0.224448899835
     -9.689030638385,     -0.225710843381
     -9.589046046870,     -0.226981179522
     -9.489061324503,     -0.228260396367
     -9.389076475972,     -0.229548988378
     -9.289091505482,     -0.230847456993
     -9.189106416747,     -0.232156311284
     -9.089121212967,     -0.233476068648
     -8.989135896818,     -0.234807255519
     -8.889150470417,     -0.236150408110
     -8.789164935293,     -0.237506073182
     -8.689179292354,     -0.238874808838
     -8.589193541835,     -0.240257185343
     -8.489207683253,     -0.241653785966
     -8.389221715344,     -0.243065207836
     -8.289235635998,     -0.244492062801
     -8.189249442182,     -0.245934978290
     -8.089263129853,     -0.247394598142
     -7.989276693867,     -0.248871583394
     -7.889290127869,     -0.250366613003
     -7.789303424187,     -0.251880384478
     -7.689316573709,     -0.253413614410
     -7.589329565756,     -0.254967038951
     -7.489342387956,     -0.256541414325
     -7.389355026100,     -0.258137517563
     -7.289367463975,     -0.259756147676
     -7.189379683164,     -0.261398127432
     -7.089391662780,     -0.263064305711
     -6.989403379152,     -0.264755560121
     -6.889414805460,     -0.266472799382
     -6.789425911343,     -0.268216965062
     -6.689436662499,     -0.269989032546
     -6.589447020263,     -0.271790011407
     -6.489456941155,     -0.273620945553
     -6.389466376374,     -0.275482913426
     -6.289475271232,     -0.277377028386
     -6.189483564518,     -0.279304439307
     -6.089491187795,     -0.281266331354
     -5.989498064604,     -0.283263926962
     -5.889504109584,     -0.285298487086
     -5.789509227463,     -0.287371312878
     -5.689513311895,     -0.289483747899
     -5.589516244106,     -0.291637180940
     -5.489517891312,     -0.293833049361
     -5.389518104890,     -0.296072842743
     -5.289516718265,     -0.298358106523
     -5.189513544518,     -0.300690445316
     -5.089508373677,     -0.303071525683
     -4.989500969668,     -0.305503078288
     -4.889491066854,     -0.307986899502
     -4.789478366112,     -0.310524852614
     -4.689462530336,     -0.313118868792
     -4.589443179265,     -0.315770947925
     -4.489419883535,     -0.318483159377
     -4.389392157791,     -0.321257642614
     -4.289359452726,     -0.324096607605
     -4.189321145853,     -0.327002334855
     -4.089276530799,     -0.329977174883
     -3.989224804861,     -0.333023546974
     -3.889165054520,     -0.336143936995
     -3.789096238533,     -0.339340894107
     -3.689017168147,     -0.342617026164
     -3.588926483873,     -0.345974993638
     -3.488822628130,     -0.349417501803
     -3.388703812890,     -0.352947290921
     -3.288567981284,     -0.356567123969
     -3.188412761872,     -0.360279771287
     -3.088235413999,     -0.364087991248
     -2.988032762287,     -0.367994505700
     -2.887801117880,     -0.372001968586
     -2.787536183467,     -0.376112925687
     -2.687232938331,     -0.380329763004
     -2.586885498737,     -0.384654640668
     -2.486486947625,     -0.389089408562
     -2.386029125971,     -0.393635498759
     -2.285502375988,     -0.398293788474
     -2.184895223565,     -0.403064425228
     -2.084193983681,     -0.407946603182
     -1.983382267826,     -0.412938275894
     -1.882440366216,     -0.418035785729
     -1.781344469477,     -0.423233383406
     -1.680065683650,     -0.428522602200
     -1.578568777846,     -0.433891439363
     -1.476810583889,     -0.439323281540
     -1.374737939053,     -0.444795489821
     -1.272285022308,     -0.450277531001
     -1.169369875050,     -0.455728499858
     -1.065889810483,     -0.461093813570
     -0.961715289415,     -0.466300758206
     -0.856681653648,     -0.471252402739
     -0.750577821464,     -0.475819127538
     -0.643130579547,     -0.479826570745
     -0.533982280169,     -0.483038035552
     -0.422658213520,     -0.485128011163
     -0.308516895673,     -0.485640708102
     -0.190670203183,     -0.483921570504
     -0.067846358998,     -0.478995608491
      0.061863540914,     -0.469328588699
      0.201510188013,     -0.452289630421
      0.356316766085,     -0.422696365935
      0.535285003928,     -0.367848634730
      0.745906192480,     -0.245615657342
      0.862907704667,      0.048112722807
      0.705530320102,      0.295527259990
      0.497416471350,     -0.003042839158
      0.645978024339,      0.049734314611
      0.727670204951,      0.053094567584
      0.524382860901,      0.101692833202
