    -15.283957224378,     -0.088892224524
    -15.184379650218,     -0.094785282207
    -15.084734911477,     -0.099877364984
    -14.985039579095,     -0.104412533057
    -14.885304863448,     -0.108524808439
    -14.785538653874,     -0.112300502641
    -14.685746731364,     -0.115800064014
    -14.585933466411,     -0.119068130987
    -14.486102244886,     -0.122138912740
    -14.386255742100,     -0.125039363839
    -14.286396106795,     -0.127791189998
    -14.186525088915,     -0.130412181572
    -14.086644130814,     -0.132917135830
    -13.986754433873,     -0.135318515352
    -13.886857008110,     -0.137626930425
    -13.786952709763,     -0.139851500298
    -13.687042270160,     -0.142000128796
    -13.587126318216,     -0.144079718014
    -13.487205398137,     -0.146096336358
    -13.387279983526,     -0.148055352343
    -13.287350488711,     -0.149961542321
    -13.187417277931,     -0.151819178090
    -13.087480672835,     -0.153632098795
    -12.987540958666,     -0.155403770416
    -12.887598389369,     -0.157137335374
    -12.787653191864,     -0.158835654172
    -12.687705569624,     -0.160501340582
    -12.587755705692,     -0.162136791553
    -12.487803765239,     -0.163744212775
    -12.387849897745,     -0.165325640647
    -12.287894238861,     -0.166882961233
    -12.187936912013,     -0.168417926712
    -12.087978029786,     -0.169932169701
    -11.988017695117,     -0.171427215781
    -11.888056002338,     -0.172904494498
    -11.788093038084,     -0.174365349057
    -11.688128882086,     -0.175811044900
    -11.588163607867,     -0.177242777326
    -11.488197283358,     -0.178661678282
    -11.388229971435,     -0.180068822452
    -11.288261730400,     -0.181465232723
    -11.188292614400,     -0.182851885128
    -11.088322673808,     -0.184229713336
    -10.988351955552,     -0.185599612729
    -10.888380503413,     -0.186962444135
    -10.788408358287,     -0.188319037240
    -10.688435558422,     -0.189670193712
    -10.588462139627,     -0.191016690063
    -10.488488135456,     -0.192359280251
    -10.388513577381,     -0.193698698065
    -10.288538494939,     -0.195035659281
    -10.188562915869,     -0.196370863633
    -10.088586866237,     -0.197704996612
     -9.988610370550,     -0.199038731115
     -9.888633451853,     -0.200372728987
     -9.788656131829,     -0.201707642461
     -9.688678430879,     -0.203044115534
     -9.588700368203,     -0.204382785287
     -9.488721961867,     -0.205724283164
     -9.388743228860,     -0.207069236222
     -9.288764185154,     -0.208418268343
     -9.188784845744,     -0.209772001429
     -9.088805224687,     -0.211131056568
     -8.988825335131,     -0.212496055187
     -8.888845189340,     -0.213867620184
     -8.788864798708,     -0.215246377049
     -8.688884173763,     -0.216632954978
     -8.588903324173,     -0.218027987982
     -8.488922258736,     -0.219432115987
     -8.388940985365,     -0.220845985924
     -8.288959511065,     -0.222270252809
     -8.188977841903,     -0.223705580799
     -8.088995982967,     -0.225152644218
     -7.989013938319,     -0.226612128529
     -7.889031710941,     -0.228084731250
     -7.789049302667,     -0.229571162778
     -7.689066714120,     -0.231072147130
     -7.589083944629,     -0.232588422627
     -7.489100992151,     -0.234120742596
     -7.389117853185,     -0.235669876227
     -7.289134522660,     -0.237236609780
     -7.189150993810,     -0.238821748261
     -7.089167258001,     -0.240426117552
     -6.989183304517,     -0.242050566771
     -6.889199120316,     -0.243695970450
     -6.789214689752,     -0.245363230221
     -6.689229994290,     -0.247053275881
     -6.589245012198,     -0.248767065994
     -6.489259718221,     -0.250505588291
     -6.389274083219,     -0.252269860108
     -6.289288073756,     -0.254060928972
     -6.189301651649,     -0.255879873343
     -6.089314773459,     -0.257727803510
     -5.989327389926,     -0.259605862644
     -5.889339445321,     -0.261515228089
     -5.789350876726,     -0.263457112997
     -5.689361613184,     -0.265432768418
     -5.589371574719,     -0.267443485899
     -5.489380671182,     -0.269490600540
     -5.389388800919,     -0.271575494325
     -5.289395849219,     -0.273699599477
     -5.189401686556,     -0.275864401584
     -5.089406166585,     -0.278071442306
     -4.989409123885,     -0.280322321612
     -4.889410371388,     -0.282618699582
     -4.789409697464,     -0.284962297922
     -4.689406862572,     -0.287354901304
     -4.589401595424,     -0.289798358638
     -4.489393588548,     -0.292294584313
     -4.389382493170,     -0.294845559396
     -4.289367913281,     -0.297453332686
     -4.189349398759,     -0.300120021544
     -4.089326437379,     -0.302847812340
     -3.989298445521,     -0.305638960389
     -3.889264757337,     -0.308495789224
     -3.789224612095,     -0.311420689070
     -3.689177139360,     -0.314416114398
     -3.589121341578,     -0.317484580407
     -3.489056073539,     -0.320628658303
     -3.388980018083,     -0.323850969152
     -3.288891657231,     -0.327154176015
     -3.188789237773,     -0.330540973894
     -3.088670730112,     -0.334014076816
     -2.988533778868,     -0.337576201115
     -2.888375643430,     -0.341230043676
     -2.788193126161,     -0.344978253587
     -2.687982485411,     -0.348823395277
     -2.587739329681,     -0.352767900761
     -2.487458488351,     -0.356814008070
     -2.387133853014,     -0.360963682107
     -2.286758181840,     -0.365218513076
     -2.186322857132,     -0.369579586050
     -2.085817583394,     -0.374047313079
     -1.985230009420,     -0.378621216300
     -1.884545252957,     -0.383299646467
     -1.783745299891,     -0.388079415969
     -1.682808241112,     -0.392955318181
     -1.581707298281,     -0.397919495543
     -1.480409573226,     -0.402960606213
     -1.378874432253,     -0.408062722512
     -1.277051402854,     -0.413203871487
     -1.174877410869,     -0.418354094986
     -1.072273114394,     -0.423472856300
     -0.969137986768,     -0.428505540746
     -0.865343649464,     -0.433378670105
     -0.760724727123,     -0.437993248175
     -0.655066131706,     -0.442215331871
     -0.548085059497,     -0.445862392313
     -0.439404852608,     -0.448683106082
     -0.328515685546,     -0.450326474558
     -0.214712489680,     -0.450292591163
     -0.096990337307,     -0.447849261755
      0.026147213102,     -0.441877796095
      0.157075608081,     -0.430547540401
      0.299909386360,     -0.410474479376
      0.462367328818,     -0.373790034524
      0.655503903793,     -0.294330516975
      0.836163064565,     -0.101664694010
      0.820030977765,      0.207658046156
      0.484856469322,      0.140983177337
      0.601256637175,      0.044258880344
      0.662265592239,     -0.054542200507
      0.635543331451,      0.127306707951
