    -14.783957224378,     -0.088892224524
    -14.684379290421,     -0.094788664321
    -14.584734275145,     -0.099885482689
    -14.485038740202,     -0.104426358779
    -14.385303880962,     -0.108545127074
    -14.285537575185,     -0.112327986959
    -14.185745595201,     -0.115835313265
    -14.085932304951,     -0.119111693719
    -13.986101085273,     -0.122191301547
    -13.886254607553,     -0.125101065498
    -13.786395017432,     -0.127862672772
    -13.686524062374,     -0.130493900658
    -13.586643182729,     -0.133009537545
    -13.486753578245,     -0.135422040427
    -13.386856257601,     -0.137742016668
    -13.286952075926,     -0.139978584783
    -13.187041763631,     -0.142139649703
    -13.087125948863,     -0.144232116206
    -12.987205175190,     -0.146262056749
    -12.887279915677,     -0.148234845112
    -12.787350584203,     -0.150155263998
    -12.687417544631,     -0.152027592544
    -12.587481118297,     -0.153855678143
    -12.487541590183,     -0.155642995867
    -12.387599214020,     -0.157392698022
    -12.287654216557,     -0.159107655740
    -12.187706801128,     -0.160790494137
    -12.087757150670,     -0.162443622186
    -11.987805430278,     -0.164069258259
    -11.887851789381,     -0.165669452068
    -11.787896363603,     -0.167246103614
    -11.687939276366,     -0.168800979626
    -11.587980640268,     -0.170335727886
    -11.488020558276,     -0.171851889773
    -11.388059124771,     -0.173350911289
    -11.288096426446,     -0.174834152808
    -11.188132543098,     -0.176302897709
    -11.088167548325,     -0.177758360084
    -10.988201510129,     -0.179201691622
    -10.888234491457,     -0.180633987795
    -10.788266550669,     -0.182056293424
    -10.688297741959,     -0.183469607700
    -10.588328115720,     -0.184874888718
    -10.488357718880,     -0.186273057569
    -10.388386595186,     -0.187665002041
    -10.288414785473,     -0.189051579959
    -10.188442327889,     -0.190433622206
    -10.088469258116,     -0.191811935463
     -9.988495609550,     -0.193187304715
     -9.888521413480,     -0.194560495540
     -9.788546699239,     -0.195932256238
     -9.688571494348,     -0.197303319818
     -9.588595824638,     -0.198674405865
     -9.488619714370,     -0.200046222317
     -9.388643186331,     -0.201419467149
     -9.288666261926,     -0.202794829996
     -9.188688961258,     -0.204172993699
     -9.088711303193,     -0.205554635803
     -8.988733305424,     -0.206940429997
     -8.888754984512,     -0.208331047519
     -8.788776355933,     -0.209727158513
     -8.688797434101,     -0.211129433364
     -8.588818232396,     -0.212538544002
     -8.488838763170,     -0.213955165187
     -8.388859037757,     -0.215379975755
     -8.288879066463,     -0.216813659856
     -8.188898858555,     -0.218256908141
     -8.088918422237,     -0.219710418919
     -7.988937764621,     -0.221174899248
     -7.888956891685,     -0.222651065964
     -7.788975808225,     -0.224139646615
     -7.688994517802,     -0.225641380311
     -7.589013022679,     -0.227157018504
     -7.489031323758,     -0.228687325789
     -7.389049420502,     -0.230233080834
     -7.289067310848,     -0.231795077636
     -7.189084991090,     -0.233374127212
     -7.089102455735,     -0.234971059718
     -6.989119697313,     -0.236586726781
     -6.889136706153,     -0.238222003665
     -6.789153470135,     -0.239877790967
     -6.689169974430,     -0.241555015739
     -6.589186201219,     -0.243254632159
     -6.489202129393,     -0.244977622014
     -6.389217734221,     -0.246724995213
     -6.289232986978,     -0.248497790437
     -6.189247854527,     -0.250297075929
     -6.089262298856,     -0.252123950436
     -5.989276276554,     -0.253979544291
     -5.889289738226,     -0.255865020726
     -5.789302627817,     -0.257781577507
     -5.689314881836,     -0.259730449009
     -5.589326428453,     -0.261712908772
     -5.489337186431,     -0.263730272499
     -5.389347063894,     -0.265783901319
     -5.289355956895,     -0.267875205084
     -5.189363747785,     -0.270005645456
     -5.089370303356,     -0.272176738597
     -4.989375472745,     -0.274390057424
     -4.889379085045,     -0.276647233462
     -4.789380946599,     -0.278949958413
     -4.689380837888,     -0.281299985579
     -4.589378509965,     -0.283699131226
     -4.489373680332,     -0.286149275926
     -4.389366028186,     -0.288652365861
     -4.289355188896,     -0.291210414018
     -4.189340747615,     -0.293825501174
     -4.089322231843,     -0.296499776534
     -3.989299102783,     -0.299235457906
     -3.889270745257,     -0.302034831262
     -3.789236455927,     -0.304900249574
     -3.689195429494,     -0.307834130793
     -3.589146742473,     -0.310838954849
     -3.489089334069,     -0.313917259549
     -3.389021983527,     -0.317071635177
     -3.288943283230,     -0.320304717510
     -3.188851606623,     -0.323619178832
     -3.088745069823,     -0.327017716320
     -2.988621485557,     -0.330503036907
     -2.888478307690,     -0.334077837486
     -2.788312564223,     -0.337744778993
     -2.688120776081,     -0.341506452555
     -2.587898858277,     -0.345365335510
     -2.487641999138,     -0.349323734526
     -2.387344512019,     -0.353383712334
     -2.286999652377,     -0.357546993505
     -2.186599390985,     -0.361814843247
     -2.086134131334,     -0.366187911151
     -1.985592355727,     -0.370666029024
     -1.884960179820,     -0.375247948143
     -1.784220789164,     -0.379930996195
     -1.683353722884,     -0.384710627361
     -1.582333958344,     -0.389579830039
     -1.481130734852,     -0.394528344909
     -1.379706032129,     -0.399541630319
     -1.278012586897,     -0.404599490414
     -1.175991283706,     -0.409674250279
     -1.073567687366,     -0.414728314710
     -0.970647384904,     -0.419710871703
     -0.867109660022,     -0.424553381139
     -0.762798805069,     -0.429163298037
     -0.657512029001,     -0.433415177082
     -0.550982332990,     -0.437137811358
     -0.442853668594,     -0.440095203573
     -0.332643666050,     -0.441957568934
     -0.219685046549,     -0.442255309098
     -0.103027549537,     -0.440301558215
      0.018740143481,     -0.435050164194
      0.147846700047,     -0.424799395764
      0.288120945073,     -0.406438614580
      0.446689303020,     -0.372891898334
      0.634197818486,     -0.301573982907
      0.822495935497,     -0.129364418630
      0.839731473035,      0.178502727186
      0.508276053873,      0.170332868707
      0.588553915696,      0.068108507736
      0.638926323301,     -0.061588575833
      0.660817847963,      0.113162975670
