    -18.883957224378,     -0.088892224524
    -18.784381773364,     -0.094765874126
    -18.684738669525,     -0.099831035351
    -18.585044548791,     -0.104333893923
    -18.485310709445,     -0.108409529635
    -18.385545107845,     -0.112144891893
    -18.285753575026,     -0.115600850931
    -18.185940519336,     -0.118822339192
    -18.086109355747,     -0.121843777272
    -17.986262782269,     -0.124692274467
    -17.886402965578,     -0.127389650528
    -17.786531669940,     -0.129953779575
    -17.686650349258,     -0.132399519452
    -17.586760214292,     -0.134739375094
    -17.486862282739,     -0.136983984527
    -17.386957417148,     -0.139142482764
    -17.287046354068,     -0.141222779416
    -17.187129726741,     -0.143231773905
    -17.087208082976,     -0.145175524678
    -16.987281899376,     -0.147059383918
    -16.887351592772,     -0.148888105993
    -16.787417529488,     -0.150665935634
    -16.687480032915,     -0.152396680281
    -16.587539389735,     -0.154083769937
    -16.487595855086,     -0.155730307059
    -16.387649656869,     -0.157339108423
    -16.287700999352,     -0.158912740496
    -16.187750066214,     -0.160453549489
    -16.087797023128,     -0.161963687038
    -15.987842019956,     -0.163445132251
    -15.887885192626,     -0.164899710750
    -15.787926664750,     -0.166329111166
    -15.687966549012,     -0.167734899507
    -15.588004948381,     -0.169118531718
    -15.488041957150,     -0.170481364693
    -15.388077661857,     -0.171824665978
    -15.288112142081,     -0.173149622324
    -15.188145471143,     -0.174457347269
    -15.088177716728,     -0.175748887855
    -14.988208941427,     -0.177025230607
    -14.888239203220,     -0.178287306866
    -14.788268555910,     -0.179535997570
    -14.688297049502,     -0.180772137555
    -14.588324730546,     -0.181996519461
    -14.488351642442,     -0.183209897273
    -14.388377825716,     -0.184412989570
    -14.288403318259,     -0.185606482475
    -14.188428155553,     -0.186791032356
    -14.088452370864,     -0.187967268285
    -13.988475995416,     -0.189135794264
    -13.888499058559,     -0.190297191269
    -13.788521587905,     -0.191452019110
    -13.688543609464,     -0.192600818141
    -13.588565147759,     -0.193744110836
    -13.488586225939,     -0.194882403249
    -13.388606865876,     -0.196016186367
    -13.288627088254,     -0.197145937366
    -13.188646912652,     -0.198272120786
    -13.088666357622,     -0.199395189618
    -12.988685440755,     -0.200515586332
    -12.888704178746,     -0.201633743826
    -12.788722587454,     -0.202750086327
    -12.688740681952,     -0.203865030230
    -12.588758476577,     -0.204978984890
    -12.488775984978,     -0.206092353365
    -12.388793220158,     -0.207205533122
    -12.288810194505,     -0.208318916694
    -12.188826919840,     -0.209432892307
    -12.088843407437,     -0.210547844475
    -11.988859668063,     -0.211664154557
    -11.888875712001,     -0.212782201293
    -11.788891549078,     -0.213902361321
    -11.688907188684,     -0.215025009674
    -11.588922639803,     -0.216150520274
    -11.488937911022,     -0.217279266418
    -11.388953010555,     -0.218411621285
    -11.288967946258,     -0.219547958446
    -11.188982725640,     -0.220688652402
    -11.088997355875,     -0.221834079146
    -10.989011843808,     -0.222984616746
    -10.889026195965,     -0.224140645946
    -10.789040418550,     -0.225302550768
    -10.689054517448,     -0.226470719103
    -10.589068498223,     -0.227645543272
    -10.489082366109,     -0.228827420538
    -10.389096126010,     -0.230016753564
    -10.289109782490,     -0.231213950809
    -10.189123339764,     -0.232419426861
    -10.089136801694,     -0.233633602736
     -9.989150171780,     -0.234856906154
     -9.889163453151,     -0.236089771815
     -9.789176648561,     -0.237332641699
     -9.689189760374,     -0.238585965407
     -9.589202790560,     -0.239850200562
     -9.489215740674,     -0.241125813252
     -9.389228611845,     -0.242413278543
     -9.289241404753,     -0.243713081028
     -9.189254119606,     -0.245025715428
     -9.089266756106,     -0.246351687231
     -8.989279313422,     -0.247691513361
     -8.889291790141,     -0.249045722889
     -8.789304184230,     -0.250414857774
     -8.689316492976,     -0.251799473636
     -8.589328712927,     -0.253200140560
     -8.489340839825,     -0.254617443929
     -8.389352868526,     -0.256051985273
     -8.289364792914,     -0.257504383123
     -8.189376605802,     -0.258975273864
     -8.089388298824,     -0.260465312559
     -7.989399862318,     -0.261975173721
     -7.889411285192,     -0.263505552006
     -7.789422554783,     -0.265057162814
     -7.689433656718,     -0.266630742769
     -7.589444574751,     -0.268227050141
     -7.489455290608,     -0.269846865310
     -7.389465783813,     -0.271490991483
     -7.289476031485,     -0.273160255912
     -7.189486008086,     -0.274855511791
     -7.089495685098,     -0.276577640804
     -6.989505030628,     -0.278327555951
     -6.889514008969,     -0.280106204110
     -6.789522580124,     -0.281914567853
     -6.689530699327,     -0.283753666375
     -6.589538316548,     -0.285624555772
     -6.489545375945,     -0.287528329042
     -6.389551815268,     -0.289466116166
     -6.289557565176,     -0.291439084393
     -6.189562548476,     -0.293448438759
     -6.089566679277,     -0.295495422814
     -5.989569862041,     -0.297581319561
     -5.889571990524,     -0.299707452708
     -5.789572946573,     -0.301875188370
     -5.689572598728,     -0.304085937374
     -5.589570800608,     -0.306341158218
     -5.489567389021,     -0.308642360600
     -5.389562181769,     -0.310991109270
     -5.289554975141,     -0.313389027839
     -5.189545541062,     -0.315837802212
     -5.089533623875,     -0.318339183381
     -4.989518936726,     -0.320894989518
     -4.889501157470,     -0.323507107423
     -4.789479924016,     -0.326177493504
     -4.689454829010,     -0.328908174468
     -4.589425413714,     -0.331701247836
     -4.489391160959,     -0.334558882323
     -4.389351487004,     -0.337483318043
     -4.289305732111,     -0.340476866410
     -4.189253149637,     -0.343541909562
     -4.089192893385,     -0.346680899118
     -3.989124002899,     -0.349896354035
     -3.889045386369,     -0.353190857347
     -3.788955800675,     -0.356567051557
     -3.688853828062,     -0.360027632465
     -3.588737848755,     -0.363575341187
     -3.488606008735,     -0.367212954079
     -3.388456181641,     -0.370943270219
     -3.288285923582,     -0.374769095906
     -3.188092419347,     -0.378693225435
     -3.087872418168,     -0.382718417081
     -2.987622156762,     -0.386847362854
     -2.887337266878,     -0.391082650149
     -2.787012663881,     -0.395426712917
     -2.686642412039,     -0.399881769468
     -2.586219561039,     -0.404449743310
     -2.485735946772,     -0.409132162559
     -2.385181947558,     -0.413930032303
     -2.284546184446,     -0.418843672590
     -2.183815151117,     -0.423872512509
     -2.082972754700,     -0.429014827685
     -1.981999743496,     -0.434267404322
     -1.880872990562,     -0.439625107267
     -1.779564592957,     -0.445080321962
     -1.678040734324,     -0.450622229989
     -1.576260242255,     -0.456235864467
     -1.474172749550,     -0.461900873568
     -1.371716337030,     -0.467589896392
     -1.268814490025,     -0.473266422266
     -1.165372133822,     -0.478881956799
     -1.061270414995,     -0.484372245139
     -0.956359750451,     -0.489652186205
     -0.850450448602,     -0.494608879509
     -0.743299866402,     -0.499091925883
     -0.634594495609,     -0.502899560305
     -0.523924350761,     -0.505758234950
     -0.410745101773,     -0.507291455192
     -0.294319573128,     -0.506969942407
     -0.173622325575,     -0.504026816870
     -0.047174076681,     -0.497300650318
      0.087263622855,     -0.484910813914
      0.233268446028,     -0.463481666246
      0.396720314155,     -0.425944663959
      0.585675951195,     -0.354419481310
      0.795238842848,     -0.197403069778
      0.846309595133,      0.149752363532
      0.616931611002,      0.313627042902
      0.582998945483,     -0.016255613031
      0.670520843063,      0.072453014791
      0.682959148966,      0.137822583538
      0.488992913257,      0.043955783737
