    -18.183957224378,     -0.088892224524
    -18.084381416083,     -0.094769080942
    -17.984738036837,     -0.099838661033
    -17.885043710472,     -0.104346806377
    -17.785309720547,     -0.108428424048
    -17.685544012291,     -0.112170358606
    -17.585752408446,     -0.115633410484
    -17.485939311093,     -0.118862463114
    -17.386108130383,     -0.121891901528
    -17.286261560563,     -0.124748808686
    -17.186401765334,     -0.127454984630
    -17.086530506584,     -0.130028288685
    -16.986649236292,     -0.132483567662
    -16.886759163660,     -0.134833318404
    -16.786861305100,     -0.137088173189
    -16.686956522107,     -0.139257263197
    -16.587045550357,     -0.141348495789
    -16.487129022365,     -0.143368769468
    -16.387207485334,     -0.145324142900
    -16.287281415364,     -0.147219969479
    -16.187351228861,     -0.149061005652
    -16.087417291799,     -0.150851499007
    -15.987479927268,     -0.152595260553
    -15.887539421706,     -0.154295724514
    -15.787596030043,     -0.155955998178
    -15.687649980007,     -0.157578903731
    -15.587701475722,     -0.159167013611
    -15.487750700748,     -0.160722680530
    -15.387797820659,     -0.162248063142
    -15.287842985235,     -0.163745148072
    -15.187886330338,     -0.165215768914
    -15.087927979529,     -0.166661622698
    -14.987968045453,     -0.168084284202
    -14.888006631051,     -0.169485218455
    -14.788043830603,     -0.170865791700
    -14.688079730649,     -0.172227281053
    -14.588114410782,     -0.173570883053
    -14.488147944357,     -0.174897721262
    -14.388180399107,     -0.176208853048
    -14.288211837688,     -0.177505275644
    -14.188242318162,     -0.178787931580
    -14.088271894421,     -0.180057713547
    -13.988300616570,     -0.181315468776
    -13.888328531259,     -0.182562002960
    -13.788355681991,     -0.183798083813
    -13.688382109387,     -0.185024444283
    -13.588407851430,     -0.186241785467
    -13.488432943682,     -0.187450779280
    -13.388457419482,     -0.188652070880
    -13.288481310124,     -0.189846280898
    -13.188504645013,     -0.191034007480
    -13.088527451815,     -0.192215828165
    -12.988549756589,     -0.193392301621
    -12.888571583901,     -0.194563969237
    -12.788592956940,     -0.195731356606
    -12.688613897613,     -0.196894974896
    -12.588634426638,     -0.198055322121
    -12.488654563626,     -0.199212884323
    -12.388674327155,     -0.200368136679
    -12.288693734843,     -0.201521544523
    -12.188712803408,     -0.202673564309
    -12.088731548730,     -0.203824644509
    -11.988749985902,     -0.204975226456
    -11.888768129280,     -0.206125745134
    -11.788785992531,     -0.207276629935
    -11.688803588670,     -0.208428305373
    -11.588820930101,     -0.209581191773
    -11.488838028652,     -0.210735705946
    -11.388854895606,     -0.211892261854
    -11.288871541729,     -0.213051271274
    -11.188887977295,     -0.214213144471
    -11.088904212110,     -0.215378290881
    -10.988920255527,     -0.216547119804
    -10.888936116465,     -0.217720041103
    -10.788951803418,     -0.218897465900
    -10.688967324465,     -0.220079807248
    -10.588982687274,     -0.221267480774
    -10.488997899108,     -0.222460905270
    -10.389012966827,     -0.223660503224
    -10.289027896883,     -0.224866701294
    -10.189042695326,     -0.226079930716
    -10.089057367799,     -0.227300627672
     -9.989071919538,     -0.228529233641
     -9.889086355370,     -0.229766195730
     -9.789100679713,     -0.231011967041
     -9.689114896570,     -0.232267007059
     -9.589129009524,     -0.233531782092
     -9.489143021731,     -0.234806765760
     -9.389156935910,     -0.236092439526
     -9.289170754328,     -0.237389293278
     -9.189184478779,     -0.238697825949
     -9.089198110566,     -0.240018546165
     -8.989211650466,     -0.241351972933
     -8.889225098704,     -0.242698636357
     -8.789238454905,     -0.244059078385
     -8.689251718058,     -0.245433853585
     -8.589264886453,     -0.246823529951
     -8.489277957628,     -0.248228689733
     -8.389290928297,     -0.249649930286
     -8.289303794272,     -0.251087864919
     -8.189316550378,     -0.252543123748
     -8.089329190354,     -0.254016354518
     -7.989341706748,     -0.255508223376
     -7.889354090797,     -0.257019415582
     -7.789366332303,     -0.258550636110
     -7.689378419499,     -0.260102610160
     -7.589390338909,     -0.261676083601
     -7.489402075204,     -0.263271823453
     -7.389413611043,     -0.264890618616
     -7.289424926892,     -0.266533281054
     -7.189436000793,     -0.268200647642
     -7.089446808075,     -0.269893582602
     -6.989457320998,     -0.271612980232
     -6.889467508349,     -0.273359767372
     -6.789477335017,     -0.275134905180
     -6.689486761546,     -0.276939390078
     -6.589495743679,     -0.278774254075
     -6.489504231864,     -0.280640564844
     -6.389512170697,     -0.282539425855
     -6.289519498302,     -0.284471976712
     -6.189526145636,     -0.286439393712
     -6.089532035709,     -0.288442890590
     -5.989537082721,     -0.290483719482
     -5.889541191092,     -0.292563172179
     -5.789544254352,     -0.294682581809
     -5.689546153872,     -0.296843325102
     -5.589546757381,     -0.299046825277
     -5.489545917226,     -0.301294555482
     -5.389543468375,     -0.303588042539
     -5.289539226103,     -0.305928870675
     -5.189532983379,     -0.308318684898
     -5.089524507911,     -0.310759193781
     -4.989513538814,     -0.313252171588
     -4.889499782844,     -0.315799459803
     -4.789482910115,     -0.318402968234
     -4.689462549201,     -0.321064675840
     -4.589438281501,     -0.323786631415
     -4.489409634754,     -0.326570954162
     -4.389376075533,     -0.329419834119
     -4.289337000575,     -0.332335532315
     -4.189291726724,     -0.335320380512
     -4.089239479281,     -0.338376780335
     -3.989179378447,     -0.341507201587
     -3.889110423564,     -0.344714179546
     -3.789031474714,     -0.348000311036
     -3.688941231200,     -0.351368249067
     -3.588838206284,     -0.354820695822
     -3.488720697446,     -0.358360393761
     -3.388586751214,     -0.361990114476
     -3.288434121447,     -0.365712644854
     -3.188260219649,     -0.369530769843
     -3.088062055624,     -0.373447250835
     -2.987836166357,     -0.377464798340
     -2.887578530536,     -0.381586037200
     -2.787284465511,     -0.385813462155
     -2.686948502644,     -0.390149381047
     -2.586564235970,     -0.394595842336
     -2.486124137694,     -0.399154542789
     -2.385619332271,     -0.403826710067
     -2.285039318517,     -0.408612953438
     -2.184371626179,     -0.413513073666
     -2.083601389541,     -0.418525820247
     -1.982710815558,     -0.423648580183
     -1.881678517416,     -0.428876977148
     -1.780478675760,     -0.434204352727
     -1.679079978379,     -0.439621091853
     -1.577444273736,     -0.445113741838
     -1.475524852593,     -0.450663857540
     -1.373264242171,     -0.456246482601
     -1.270591354176,     -0.461828145603
     -1.167417765022,     -0.467364205233
     -1.063632814202,     -0.472795310375
     -0.959097071497,     -0.478042632193
     -0.853633522653,     -0.483001347395
     -0.747015511322,     -0.487531558323
     -0.638949958519,     -0.491445344370
     -0.529053464873,     -0.494487784091
     -0.416817181123,     -0.496308197287
     -0.301552935280,     -0.496414649697
     -0.182306048083,     -0.494097700991
     -0.057704888754,     -0.488292198290
      0.074317244551,     -0.477298820623
      0.217064818092,     -0.458137954549
      0.376096505876,     -0.424757341850
      0.560116765334,     -0.362073839453
      0.771522334270,     -0.223238581788
      0.858121095872,      0.100025750650
      0.662290857166,      0.308475011028
      0.540344543381,     -0.022016884304
      0.653991779113,      0.057691239193
      0.716452493852,      0.099569255284
      0.501127985447,      0.075362459647
