    -17.883957224378,     -0.088892224524
    -17.784381255553,     -0.094770528316
    -17.684737752553,     -0.099842106607
    -17.585043333930,     -0.104352644743
    -17.485309276628,     -0.108436971572
    -17.385543520865,     -0.112181884259
    -17.285751885649,     -0.115648151737
    -17.185938770236,     -0.118880635365
    -17.086107582605,     -0.121913704198
    -16.986261015309,     -0.124774429400
    -16.886401230711,     -0.127484602216
    -16.786529989628,     -0.130062075409
    -16.686648743176,     -0.132521690928
    -16.586758699853,     -0.134875942090
    -16.486860875497,     -0.137135458720
    -16.386956131128,     -0.139309370416
    -16.287045202030,     -0.141405583680
    -16.187128720391,     -0.143430996776
    -16.087207233141,     -0.145391668655
    -15.987281216150,     -0.147292953462
    -15.887351085635,     -0.149139608806
    -15.787417207405,     -0.150935883813
    -15.687479904415,     -0.152685591370
    -15.587539462987,     -0.154392167899
    -15.487596137954,     -0.156058723180
    -15.387650156960,     -0.157688082169
    -15.287701724059,     -0.159282820318
    -15.187751022754,     -0.160845293579
    -15.087798218570,     -0.162377664031
    -14.987843461250,     -0.163881921872
    -14.887886886628,     -0.165359904391
    -14.787928618246,     -0.166813312409
    -14.687968768743,     -0.168243724593
    -14.588007441063,     -0.169652609981
    -14.488044729501,     -0.171041339000
    -14.388080720618,     -0.172411193173
    -14.288115494042,     -0.173763373728
    -14.188149123162,     -0.175099009226
    -14.088181675749,     -0.176419162345
    -13.988213214498,     -0.177724835930
    -13.888243797507,     -0.179016978394
    -13.788273478701,     -0.180296488560
    -13.688302308215,     -0.181564220014
    -13.588330332726,     -0.182820985031
    -13.488357595762,     -0.184067558126
    -13.388384137965,     -0.185304679279
    -13.288409997339,     -0.186533056864
    -13.188435209466,     -0.187753370320
    -13.088459807703,     -0.188966272590
    -12.988483823361,     -0.190172392357
    -12.888507285862,     -0.191372336094
    -12.788530222889,     -0.192566689947
    -12.688552660514,     -0.193756021472
    -12.588574623321,     -0.194940881241
    -12.488596134512,     -0.196121804317
    -12.388617216010,     -0.197299311634
    -12.288637888547,     -0.198473911264
    -12.188658171749,     -0.199646099604
    -12.088678084207,     -0.200816362476
    -11.988697643556,     -0.201985176153
    -11.888716866529,     -0.203153008326
    -11.788735769020,     -0.204320319005
    -11.688754366139,     -0.205487561380
    -11.588772672257,     -0.206655182636
    -11.488790701053,     -0.207823624749
    -11.388808465555,     -0.208993325251
    -11.288825978175,     -0.210164717997
    -11.188843250745,     -0.211338233922
    -11.088860294541,     -0.212514301804
    -10.988877120315,     -0.213693349029
    -10.888893738307,     -0.214875802355
    -10.788910158271,     -0.216062088667
    -10.688926389487,     -0.217252635704
    -10.588942440767,     -0.218447872757
    -10.488958320468,     -0.219648231302
    -10.388974036498,     -0.220854145589
    -10.288989596317,     -0.222066053150
    -10.189005006942,     -0.223284395258
    -10.089020274952,     -0.224509617343
     -9.989035406487,     -0.225742169367
     -9.889050407251,     -0.226982506211
     -9.789065282515,     -0.228231088060
     -9.689080037113,     -0.229488380832
     -9.589094675442,     -0.230754856639
     -9.489109201458,     -0.232030994297
     -9.389123618666,     -0.233317279884
     -9.289137930111,     -0.234614207332
     -9.189152138359,     -0.235922279061
     -9.089166245483,     -0.237242006642
     -8.989180253028,     -0.238573911496
     -8.889194161992,     -0.239918525614
     -8.789207972780,     -0.241276392312
     -8.689221685168,     -0.242648067016
     -8.589235298250,     -0.244034118066
     -8.489248810384,     -0.245435127558
     -8.389262219124,     -0.246851692181
     -8.289275521150,     -0.248284424083
     -8.189288712183,     -0.249733951718
     -8.089301786896,     -0.251200920668
     -7.989314738808,     -0.252685994431
     -7.889327560175,     -0.254189855122
     -7.789340241871,     -0.255713204097
     -7.689352773255,     -0.257256762468
     -7.589365142045,     -0.258821271556
     -7.489377334174,     -0.260407493393
     -7.389389333641,     -0.262016211446
     -7.289401122334,     -0.263648231798
     -7.189412679816,     -0.265304384965
     -7.089423983042,     -0.266985528295
     -6.989435006024,     -0.268692548647
     -6.889445719441,     -0.270426364824
     -6.789456090233,     -0.272187929333
     -6.689466081168,     -0.273978229331
     -6.589475650407,     -0.275798286981
     -6.489484751025,     -0.277649159549
     -6.389493330475,     -0.279531939569
     -6.289501329993,     -0.281447755198
     -6.189508683931,     -0.283397770793
     -6.089515319003,     -0.285383187667
     -5.989521153462,     -0.287405245062
     -5.889526096158,     -0.289465221396
     -5.789530045480,     -0.291564435948
     -5.689532888127,     -0.293704251098
     -5.589534497684,     -0.295886075186
     -5.489534732954,     -0.298111365907
     -5.389533436027,     -0.300381634022
     -5.289530430057,     -0.302698447041
     -5.189525516745,     -0.305063432583
     -5.089518473491,     -0.307478281145
     -4.989509050182,     -0.309944748253
     -4.889496965564,     -0.312464656016
     -4.789481903110,     -0.315039894278
     -4.689463506296,     -0.317672421505
     -4.589441373172,     -0.320364265538
     -4.489415050105,     -0.323117524245
     -4.389384024542,     -0.325934366034
     -4.289347716651,     -0.328817030120
     -4.189305469621,     -0.331767826389
     -4.089256538420,     -0.334789134683
     -3.989200076724,     -0.337883403304
     -3.889135121711,     -0.341053146541
     -3.789060576303,     -0.344300941016
     -3.688975188403,     -0.347629420656
     -3.588877526516,     -0.351041270092
     -3.488765951038,     -0.354539216226
     -3.388638580314,     -0.358126017673
     -3.288493250353,     -0.361804451602
     -3.188327466869,     -0.365577297317
     -3.088138347960,     -0.369447315640
     -2.987922555432,     -0.373417222788
     -2.887676212233,     -0.377489657064
     -2.787394802900,     -0.381667136238
     -2.687073053119,     -0.385952003003
     -2.586704783458,     -0.390346355259
     -2.486282731015,     -0.394851957245
     -2.385798330981,     -0.399470126397
     -2.285241447873,     -0.404201589360
     -2.184600043296,     -0.409046298492
     -2.083859763308,     -0.414003197360
     -1.983003423532,     -0.419069919887
     -1.882010363740,     -0.424242402582
     -1.780855635194,     -0.429514382321
     -1.679508972837,     -0.434876742820
     -1.577933489439,     -0.440316660563
     -1.476084008115,     -0.445816484536
     -1.373904920531,     -0.451352262160
     -1.271327416043,     -0.456891793567
     -1.168265865564,     -0.462392052943
     -1.064613054008,     -0.467795749369
     -0.960233823807,     -0.473026694106
     -0.854956497360,     -0.477983469188
     -0.748561145630,     -0.482530609621
     -0.640763274278,     -0.486486041193
     -0.531190623180,     -0.489602702527
     -0.419349136159,     -0.491540778346
     -0.304570924882,     -0.491823966181
     -0.185930327176,     -0.489766638780
     -0.062099424493,     -0.484342959988
      0.068919156015,     -0.473926115772
      0.210318350645,     -0.455691109930
      0.367512243924,     -0.423975834837
      0.549371262158,     -0.364777435377
      0.760770597552,     -0.233265443567
      0.861017712190,      0.077900743818
      0.681108761579,      0.303861828523
      0.520910868010,     -0.017142829010
      0.649882649502,      0.054170443199
      0.723847937620,      0.079892831813
      0.510004601704,      0.087515642380
