    -17.183957224378,     -0.088892224524
    -17.084380862456,     -0.094774090738
    -16.984737056485,     -0.099850597251
    -16.885042412486,     -0.104367042443
    -16.785308191198,     -0.108458061911
    -16.685542320523,     -0.112210335949
    -16.585750610288,     -0.115684555975
    -16.485937452803,     -0.118925529150
    -16.386106250709,     -0.121967585398
    -16.286259692397,     -0.124837767101
    -16.186399936934,     -0.127557844151
    -16.086528742507,     -0.130145653480
    -15.986647558106,     -0.132616025443
    -15.886757590497,     -0.134981445091
    -15.786859854102,     -0.137252536653
    -15.686955208766,     -0.139438426327
    -15.587044388800,     -0.141547019052
    -15.487128025579,     -0.143585213085
    -15.387206665351,     -0.145559068721
    -15.287280783414,     -0.147473942621
    -15.187350795498,     -0.149334595942
    -15.087417067006,     -0.151145282259
    -14.987479920550,     -0.152909819696
    -14.887539642163,     -0.154631650592
    -14.787596486443,     -0.156313891226
    -14.687650680841,     -0.157959373564
    -14.587702429262,     -0.159570680530
    -14.487751915098,     -0.161150175990
    -14.387799303802,     -0.162700030399
    -14.287844745071,     -0.164222242831
    -14.187888374727,     -0.165718660013
    -14.087930316321,     -0.167190992813
    -13.987970682518,     -0.168640830604
    -13.888009576301,     -0.170069653811
    -13.788047092010,     -0.171478844922
    -13.688083316258,     -0.172869698176
    -13.588118328718,     -0.174243428140
    -13.488152202828,     -0.175601177303
    -13.388185006405,     -0.176944022844
    -13.288216802184,     -0.178272982664
    -13.188247648304,     -0.179589020796
    -13.088277598729,     -0.180893052256
    -12.988306703631,     -0.182185947411
    -12.888335009726,     -0.183468535922
    -12.788362560579,     -0.184741610312
    -12.688389396870,     -0.186005929207
    -12.588415556641,     -0.187262220269
    -12.488441075516,     -0.188511182888
    -12.388465986890,     -0.189753490623
    -12.288490322117,     -0.190989793446
    -12.188514110663,     -0.192220719797
    -12.088537380256,     -0.193446878468
    -11.988560157016,     -0.194668860344
    -11.888582465576,     -0.195887240008
    -11.788604329190,     -0.197102577230
    -11.688625769837,     -0.198315418351
    -11.588646808303,     -0.199526297584
    -11.488667464272,     -0.200735738236
    -11.388687756395,     -0.201944253878
    -11.288707702361,     -0.203152349461
    -11.188727318956,     -0.204360522398
    -11.088746622119,     -0.205569263622
    -10.988765626991,     -0.206779058615
    -10.888784347957,     -0.207990388411
    -10.788802798684,     -0.209203730570
    -10.688820992154,     -0.210419560113
    -10.588838940693,     -0.211638350398
    -10.488856655991,     -0.212860573939
    -10.388874149130,     -0.214086703151
    -10.288891430594,     -0.215317211028
    -10.188908510292,     -0.216552571743
    -10.088925397568,     -0.217793261207
     -9.988942101219,     -0.219039757583
     -9.888958629504,     -0.220292541789
     -9.788974990157,     -0.221552097999
     -9.688991190394,     -0.222818914171
     -9.589007236925,     -0.224093482600
     -9.489023135953,     -0.225376300503
     -9.389038893177,     -0.226667870650
     -9.289054513790,     -0.227968702015
     -9.189070002472,     -0.229279310464
     -9.089085363374,     -0.230600219466
     -8.989100600107,     -0.231931960828
     -8.889115715717,     -0.233275075456
     -8.789130712658,     -0.234630114143
     -8.689145592758,     -0.235997638369
     -8.589160357177,     -0.237378221143
     -8.489175006366,     -0.238772447848
     -8.389189540003,     -0.240180917110
     -8.289203956940,     -0.241604241666
     -8.189218255122,     -0.243043049231
     -8.089232431516,     -0.244497983337
     -7.989246482014,     -0.245969704133
     -7.889260401341,     -0.247458889113
     -7.789274182943,     -0.248966233760
     -7.689287818876,     -0.250492452099
     -7.589301299687,     -0.252038277183
     -7.489314614289,     -0.253604461626
     -7.389327749828,     -0.255191778338
     -7.289340691522,     -0.256801021698
     -7.189353422471,     -0.258433009307
     -7.089365923404,     -0.260088584305
     -6.989378172382,     -0.261768617941
     -6.889390144443,     -0.263474011923
     -6.789401811236,     -0.265205700149
     -6.689413140627,     -0.266964649668
     -6.589424096303,     -0.268751861090
     -6.489434637330,     -0.270568368756
     -6.389444717671,     -0.272415240967
     -6.289454285642,     -0.274293580392
     -6.189463283302,     -0.276204524677
     -6.089471645776,     -0.278149247241
     -5.989479300500,     -0.280128958253
     -5.889486166364,     -0.282144905895
     -5.789492152752,     -0.284198378025
     -5.689497158421,     -0.286290704372
     -5.589501070204,     -0.288423259324
     -5.489503761490,     -0.290597465230
     -5.389505090465,     -0.292814796006
     -5.289504898082,     -0.295076780734
     -5.189503005764,     -0.297385006954
     -5.089499212793,     -0.299741123426
     -4.989493293378,     -0.302146842299
     -4.889484993328,     -0.304603940750
     -4.789474026270,     -0.307114262229
     -4.689460069318,     -0.309679717483
     -4.589442758102,     -0.312302285460
     -4.489421681035,     -0.314984014134
     -4.389396372684,     -0.317727021216
     -4.289366306103,     -0.320533494660
     -4.189330883950,     -0.323405692802
     -4.089289428174,     -0.326345943995
     -3.989241168029,     -0.329356645528
     -3.889185226120,     -0.332440261661
     -3.789120602114,     -0.335599320597
     -3.689046153676,     -0.338836410201
     -3.588960574089,     -0.342154172296
     -3.488862365883,     -0.345555295309
     -3.388749809658,     -0.349042504992
     -3.288620927069,     -0.352618552798
     -3.188473436742,     -0.356286201311
     -3.088304701584,     -0.360048205848
     -2.988111665613,     -0.363907291059
     -2.887890778000,     -0.367866120943
     -2.787637901453,     -0.371927260333
     -2.687348201311,     -0.376093125418
     -2.587016010813,     -0.380365920316
     -2.486634666726,     -0.384747555994
     -2.386196307914,     -0.389239546805
     -2.285691627359,     -0.393842878555
     -2.185109565410,     -0.398557840042
     -2.084436928520,     -0.403383807385
     -1.983657913129,     -0.408318966828
     -1.882753508283,     -0.413359956853
     -1.781700742715,     -0.418501403841
     -1.680471731516,     -0.423735316826
     -1.579032463421,     -0.429050295257
     -1.477341250185,     -0.434430488376
     -1.375346732014,     -0.439854224251
     -1.272985293282,     -0.445292198388
     -1.170177684811,     -0.450705071248
     -1.066824564476,     -0.456040262304
     -0.962800544968,     -0.461227630191
     -0.857946156702,     -0.466173569629
     -0.752056856848,     -0.470752797515
     -0.644867763153,     -0.474796676268
     -0.536032000224,     -0.478076200061
     -0.425089076057,     -0.480276458423
     -0.311416817311,     -0.480956817089
     -0.194154367253,     -0.479485550114
     -0.072070381602,     -0.474924690038
      0.056680889753,     -0.465806467445
      0.195048994722,     -0.449636430071
      0.348116513529,     -0.421559502402
      0.524909574315,     -0.369744084238
      0.734371379209,     -0.254116390028
      0.862868531066,      0.025847787052
      0.723277922646,      0.287677745365
      0.483283215091,      0.012392768673
      0.643396346066,      0.046172901910
      0.726415526137,      0.033384466235
      0.536642295638,      0.110711476333
