    -15.383957224378,     -0.088892224524
    -15.284379719931,     -0.094784629846
    -15.184735034788,     -0.099875800703
    -15.085039741754,     -0.104409870408
    -14.985305054114,     -0.108520897014
    -14.885538863445,     -0.112295213616
    -14.785746952411,     -0.115793282745
    -14.685933692770,     -0.119059752638
    -14.586102471362,     -0.122128839467
    -14.486255964252,     -0.125027502841
    -14.386396320776,     -0.127777452121
    -14.286525291354,     -0.130396480255
    -14.186644318719,     -0.132899386300
    -14.086754604565,     -0.135298633981
    -13.986857159164,     -0.137604834219
    -13.886952838964,     -0.139827106474
    -13.787042375471,     -0.141973354431
    -13.687126397744,     -0.144050479746
    -13.587205450113,     -0.146064550122
    -13.487280006283,     -0.148020933144
    -13.387350480669,     -0.149924404026
    -13.287417237583,     -0.151779233239
    -13.187480598735,     -0.153589258430
    -13.087540849419,     -0.155357943919
    -12.987598243624,     -0.157088430317
    -12.887653008304,     -0.158783576170
    -12.787705346961,     -0.160445993158
    -12.687755442661,     -0.162078076005
    -12.587803460594,     -0.163682028050
    -12.487849550251,     -0.165259883215
    -12.387893847294,     -0.166813524969
    -12.287936475154,     -0.168344702778
    -12.187977546416,     -0.169855046429
    -12.088017164015,     -0.171346078563
    -11.988055422279,     -0.172819225671
    -11.888092407834,     -0.174275827791
    -11.788128200400,     -0.175717147079
    -11.688162873488,     -0.177144375424
    -11.588196495013,     -0.178558641228
    -11.488229127835,     -0.179961015477
    -11.388260830239,     -0.181352517195
    -11.288291656357,     -0.182734118364
    -11.188321656545,     -0.184106748380
    -11.088350877718,     -0.185471298121
    -10.988379363648,     -0.186828623653
    -10.888407155226,     -0.188179549630
    -10.788434290702,     -0.189524872421
    -10.688460805891,     -0.190865362970
    -10.588486734365,     -0.192201769428
    -10.488512107617,     -0.193534819555
    -10.388536955214,     -0.194865222912
    -10.288561304934,     -0.196193672857
    -10.188585182884,     -0.197520848364
    -10.088608613619,     -0.198847415685
     -9.988631620235,     -0.200174029883
     -9.888654224468,     -0.201501336258
     -9.788676446779,     -0.202829971689
     -9.688698306426,     -0.204160565923
     -9.588719821536,     -0.205493742812
     -9.488741009171,     -0.206830121521
     -9.388761885377,     -0.208170317711
     -9.288782465232,     -0.209514944691
     -9.188802762892,     -0.210864614565
     -9.088822791615,     -0.212219939342
     -8.988842563794,     -0.213581532052
     -8.888862090971,     -0.214950007834
     -8.788881383852,     -0.216325985021
     -8.688900452308,     -0.217710086228
     -8.588919305373,     -0.219102939420
     -8.488937951233,     -0.220505178994
     -8.388956397210,     -0.221917446844
     -8.288974649734,     -0.223340393411
     -8.188992714310,     -0.224774678729
     -8.089010595474,     -0.226220973422
     -7.989028296746,     -0.227679959665
     -7.889045820568,     -0.229152332077
     -7.789063168240,     -0.230638798530
     -7.689080339846,     -0.232140080874
     -7.589097334175,     -0.233656915604
     -7.489114148641,     -0.235190054543
     -7.389130779185,     -0.236740265696
     -7.289147220173,     -0.238308334440
     -7.189163464255,     -0.239895065206
     -7.089179502198,     -0.241501283615
     -6.989195322663,     -0.243127838839
     -6.889210911953,     -0.244775605792
     -6.789226253735,     -0.246445486808
     -6.689241328747,     -0.248138412705
     -6.589256114487,     -0.249855343366
     -6.489270584879,     -0.251597268129
     -6.389284709904,     -0.253365206212
     -6.289298455187,     -0.255160207286
     -6.189311781534,     -0.256983352207
     -6.089324644416,     -0.258835753906
     -5.989336993392,     -0.260718558438
     -5.889348771456,     -0.262632946268
     -5.789359914299,     -0.264580133905
     -5.689370349451,     -0.266561375999
     -5.589379995281,     -0.268577967949
     -5.489388759829,     -0.270631248970
     -5.389396539446,     -0.272722605436
     -5.289403217229,     -0.274853474251
     -5.189408661227,     -0.277025345982
     -5.089412722414,     -0.279239767569
     -4.989415232392,     -0.281498344555
     -4.889416000791,     -0.283802742887
     -4.789414812301,     -0.286154690412
     -4.689411423286,     -0.288555978201
     -4.589405557883,     -0.291008461805
     -4.489396903507,     -0.293514062480
     -4.389385105657,     -0.296074768349
     -4.289369761896,     -0.298692635446
     -4.189350414876,     -0.301369788502
     -4.089326544234,     -0.304108421354
     -3.989297557167,     -0.306910796836
     -3.889262777444,     -0.309779245988
     -3.789221432575,     -0.312716166461
     -3.689172638780,     -0.315724019978
     -3.589115383327,     -0.318805328713
     -3.489048503715,     -0.321962670439
     -3.388970663032,     -0.325198672231
     -3.288880320690,     -0.328516002419
     -3.188775697537,     -0.331917360313
     -3.088654734128,     -0.335405463019
     -2.988515040653,     -0.338983028394
     -2.888353836673,     -0.342652752893
     -2.788167878349,     -0.346417282718
     -2.687953370266,     -0.350279176336
     -2.587705858178,     -0.354240855953
     -2.487420097987,     -0.358304544985
     -2.387089894972,     -0.362472187706
     -2.286707905543,     -0.366745346176
     -2.186265391613,     -0.371125067918
     -2.085751914716,     -0.375611715655
     -1.985154953206,     -0.380204747401
     -1.884459420835,     -0.384902431181
     -1.783647058332,     -0.389701473162
     -1.682695660742,     -0.394596530744
     -1.581578091233,     -0.399579572565
     -1.480261015396,     -0.404639034691
     -1.378703266465,     -0.409758705434
     -1.276853717736,     -0.414916248115
     -1.174648488639,     -0.420081237725
     -1.072007238516,     -0.425212536610
     -0.968828197300,     -0.430254753726
     -0.864981429456,     -0.435133403112
     -0.760299596755,     -0.439748172155
     -0.654565116363,     -0.443963383033
     -0.547491980007,     -0.447594192933
     -0.438699352518,     -0.450386139112
     -0.327671843878,     -0.451983861236
     -0.213696726531,     -0.451881185131
     -0.095758000098,     -0.449336466929
      0.027657971870,     -0.443215740838
      0.158956073251,     -0.431660930857
      0.302307288444,     -0.411229641115
      0.465543898645,     -0.373886097249
      0.659784167754,     -0.292728752840
      0.838594595739,     -0.095800440970
      0.815763541507,      0.213122895067
      0.481178069888,      0.134614677901
      0.604658250292,      0.041298464757
      0.666927302622,     -0.052233334052
      0.629929197961,      0.128984439027
