1.0 0.0
0.998994 -1.5528e-05
0.99598 -6.20086e-05
0.990972 -0.000139148
0.983993 -0.000246577
0.975075 -0.000384041
0.964256 -0.000551637
0.951584 -0.00075006
0.937116 -0.000980838
0.920915 -0.00124652
0.903049 -0.00155079
0.883596 -0.00189846
0.862638 -0.00229539
0.840263 -0.00274824
0.816565 -0.00326413
0.79164 -0.00385023
0.765592 -0.00451315
0.738527 -0.00525842
0.710554 -0.00608987
0.681786 -0.007009
0.652337 -0.00801442
0.622324 -0.00910142
0.591866 -0.0102616
0.561081 -0.0114825
0.530088 -0.0127478
0.499008 -0.0140372
0.46796 -0.0153264
0.43706 -0.0165882
0.40658 -0.0177919
0.376815 -0.0189799
0.347554 -0.0202815
0.318886 -0.0216539
0.290908 -0.0230457
0.263712 -0.0244041
0.23739 -0.0256758
0.212029 -0.0268081
0.187718 -0.0277497
0.164539 -0.0284515
0.142577 -0.0288675
0.121911 -0.0289551
0.102619 -0.0286754
0.084777 -0.0279935
0.0684575 -0.026879
0.0537295 -0.0253052
0.0406582 -0.0232497
0.0293039 -0.0206938
0.0197218 -0.0176225
0.0119611 -0.0140242
0.00606456 -0.00989069
0.00206805 -0.00521668
0.0 0.0
-9.4782e-05 0.00561085
0.00182074 0.01146
0.00575168 0.0175275
0.0116951 0.0237825
0.0196396 0.0301831
0.0295653 0.036678
0.0414434 0.0432076
0.0552358 0.0497052
0.0708951 0.0560987
0.088364 0.0623126
0.107576 0.0682694
0.128454 0.0738916
0.150913 0.0791033
0.174858 0.0838322
0.200186 0.0880109
0.226784 0.0915783
0.254534 0.0944809
0.283313 0.0966736
0.312989 0.0981206
0.343429 0.098796
0.374495 0.0986836
0.406038 0.0977831
0.437607 0.0962785
0.46925 0.0942805
0.500992 0.0918149
0.532702 0.0889112
0.564253 0.0856024
0.595516 0.0819247
0.626366 0.0779168
0.65668 0.0736201
0.686339 0.0690776
0.715225 0.0643343
0.743227 0.0594369
0.770235 0.0544331
0.796145 0.0493721
0.820859 0.0443042
0.844284 0.0392803
0.86633 0.0343519
0.886917 0.0295709
0.905968 0.0249888
0.923413 0.0206565
0.93919 0.0166233
0.953243 0.0129366
0.965521 0.00964081
0.975982 0.00677676
0.98459 0.00438065
0.991315 0.00248342
0.996135 0.00110993
0.999033 0.000278415
1.0 0.0
