1.0 0.0
0.999013 -0.000148261
0.996057 -0.000591044
0.991144 -0.00132242
0.984292 -0.00233275
0.975528 -0.00360903
0.964888 -0.00513534
0.952414 -0.00689337
0.938153 -0.00886293
0.922164 -0.0110225
0.904508 -0.0133498
0.885257 -0.0158221
0.864484 -0.0184164
0.842274 -0.0211102
0.818712 -0.0238809
0.793893 -0.0267063
0.767913 -0.0295644
0.740877 -0.0324329
0.71289 -0.0352895
0.684062 -0.0381113
0.654508 -0.040875
0.624345 -0.043556
0.593691 -0.0461292
0.562667 -0.0485684
0.531395 -0.0508463
0.5 -0.0529353
0.468605 -0.0548073
0.437333 -0.056434
0.406309 -0.0577881
0.375655 -0.0588432
0.345492 -0.0595745
0.315938 -0.0599598
0.28711 -0.05998
0.259123 -0.0596194
0.232087 -0.0588664
0.206107 -0.0577141
0.181288 -0.0561602
0.157726 -0.0542073
0.135516 -0.0518625
0.114743 -0.0491378
0.0954915 -0.0460489
0.077836 -0.0426152
0.0618467 -0.0388585
0.0475865 -0.0348029
0.0351118 -0.0304729
0.0244717 -0.0258933
0.0157084 -0.0210879
0.00885637 -0.0160785
0.00394265 -0.0108842
0.000986636 -0.00552072
0.0 0.0
0.000986636 0.00552072
0.00394265 0.0108842
0.00885637 0.0160785
0.0157084 0.0210879
0.0244717 0.0258933
0.0351118 0.0304729
0.0475865 0.0348029
0.0618467 0.0388585
0.077836 0.0426152
0.0954915 0.0460489
0.114743 0.0491378
0.135516 0.0518625
0.157726 0.0542073
0.181288 0.0561602
0.206107 0.0577141
0.232087 0.0588664
0.259123 0.0596194
0.28711 0.05998
0.315938 0.0599598
0.345492 0.0595745
0.375655 0.0588432
0.406309 0.0577881
0.437333 0.056434
0.468605 0.0548073
0.5 0.0529353
0.531395 0.0508463
0.562667 0.0485684
0.593691 0.0461292
0.624345 0.043556
0.654508 0.040875
0.684062 0.0381113
0.71289 0.0352895
0.740877 0.0324329
0.767913 0.0295644
0.793893 0.0267063
0.818712 0.0238809
0.842274 0.0211102
0.864484 0.0184164
0.885257 0.0158221
0.904508 0.0133498
0.922164 0.0110225
0.938153 0.00886293
0.952414 0.00689337
0.964888 0.00513534
0.975528 0.00360903
0.984292 0.00233275
0.991144 0.00132242
0.996057 0.000591044
0.999013 0.000148261
1.0 0.0
