0.000000000000000000e+00
1.227500000000000075e-03
2.450599999999999827e-03
3.665199999999999968e-03
4.864900000000000127e-03
7.197600000000000178e-03
9.414499999999999258e-03
1.147330000000000051e-02
1.334489999999999982e-02
1.503290000000000008e-02
1.654780000000000140e-02
1.790359999999999868e-02
1.911080000000000070e-02
2.018700000000000008e-02
2.117180000000000104e-02
2.211019999999999999e-02
2.304890000000000064e-02
2.403210000000000068e-02
2.509489999999999985e-02
2.621959999999999916e-02
2.737389999999999962e-02
2.852669999999999859e-02
2.964560000000000112e-02
3.071070000000000050e-02
3.175589999999999663e-02
3.282779999999999726e-02
3.397599999999999926e-02
3.524759999999999699e-02
3.666729999999999989e-02
3.814089999999999842e-02
3.953940000000000232e-02
4.073630000000000306e-02
4.160330000000000278e-02
4.206590000000000329e-02
4.229429999999999995e-02
4.252670000000000061e-02
4.300620000000000137e-02
4.397630000000000289e-02
4.568429999999999713e-02
4.824289999999999828e-02
5.021230000000000138e-02
5.067900000000000182e-02
5.050759999999999972e-02
5.047229999999999772e-02
5.045979999999999910e-02
5.008320000000000133e-02
4.913970000000000143e-02
4.765250000000000041e-02
4.543599999999999722e-02
4.135049999999999837e-02
3.877189999999999803e-02
3.609779999999999933e-02
3.267420000000000047e-02
2.722339999999999829e-02
2.095299999999999940e-02
1.752650000000000041e-02
1.403169999999999938e-02
1.100849999999999919e-02
8.448799999999999366e-03
6.463799999999999581e-03
0.000000000000000000e+00
0.000000000000000000e+00
-4.693799999999999709e-03
-6.812200000000000026e-03
-9.551300000000000415e-03
-1.283300000000000066e-02
-1.627479999999999899e-02
-1.898719999999999922e-02
-2.411080000000000167e-02
-2.903009999999999965e-02
-3.219899999999999846e-02
-3.457650000000000307e-02
-3.684980000000000200e-02
-4.153830000000000022e-02
-4.618459999999999926e-02
-5.026060000000000250e-02
-5.372009999999999980e-02
-5.667559999999999959e-02
-5.916799999999999837e-02
-6.115210000000000090e-02
-6.265149999999999886e-02
-6.407839999999999370e-02
-6.594990000000000574e-02
-6.791859999999999564e-02
-6.894749999999999490e-02
-6.904209999999999514e-02
-6.837849999999999484e-02
-6.712869999999999948e-02
-6.546269999999999867e-02
-6.355030000000000401e-02
-6.154189999999999661e-02
-5.948969999999999952e-02
-5.741249999999999826e-02
-5.533190000000000330e-02
-5.326480000000000103e-02
-5.122859999999999914e-02
-4.921020000000000255e-02
-4.719109999999999971e-02
-4.515340000000000326e-02
-4.307609999999999911e-02
-4.094539999999999985e-02
-3.876849999999999741e-02
-3.655680000000000041e-02
-3.432629999999999709e-02
-3.208779999999999966e-02
-2.985650000000000109e-02
-2.764000000000000137e-02
-2.544969999999999871e-02
-2.329579999999999845e-02
-2.118659999999999988e-02
-1.912820000000000145e-02
-1.710259999999999905e-02
-1.508529999999999940e-02
-1.305510000000000004e-02
-1.098690000000000083e-02
-8.862999999999999351e-03
-6.690699999999999946e-03
-4.480500000000000108e-03
-3.365299999999999889e-03
-2.246199999999999846e-03
-1.124299999999999952e-03
0.000000000000000000e+00
